{
Theta:0.87
Angle:49.841365965247
releaseX:-161
releaseY:722
tapTime:1059
Theta:0.82
Angle:47.0287025569533
releaseX:-180
releaseY:705
tapTime:1974
Theta:0.42
Angle:24.096933263249447
releaseX:-300
releaseY:537
tapTime:1262
Theta:0.78
Angle:44.68776451045065
releaseX:-195
releaseY:690
tapTime:1926
score:54210
}
