{
Theta:0.6
Angle:34.33243856484711
releaseX:-275
releaseY:632
tapTime:1500
Theta:1.0
Angle:57.3510025506897
releaseX:-126
releaseY:776
tapTime:1500
Theta:1.0
Angle:57.3510025506897
releaseX:-126
releaseY:776
tapTime:1500
score:45300
}
