{
Theta:1.0400000000000005
Angle:59.62969732096472
releaseX:-85
releaseY:815
tapTime:1554
score:61270
}
