{
Theta:0.4600000000000001
Angle:26.335869281323887
releaseX:-331
releaseY:584
tapTime:1442
score:45880
}
