{
Theta:0.43000000000000005
Angle:24.578430623725964
releaseX:-308
releaseY:541
tapTime:771
score:52320
}
