{
Theta:0.52
Angle:29.80729497542825
releaseX:-300
releaseY:618
tapTime:500
Theta:0.6
Angle:34.332244790502585
releaseX:-276
releaseY:656
tapTime:1000
Theta:1.2
Angle:68.79637284746246
releaseX:-12
releaseY:866
tapTime:3000
score:48160
}
