{
Theta:0.25
Angle:14.300277449185588
releaseX:-388
releaseY:449
tapTime:1500
Theta:0.4
Angle:22.88467857947458
releaseX:-379
releaseY:537
tapTime:1000
Theta:0.4
Angle:22.88467857947458
releaseX:-379
releaseY:537
tapTime:1000
Theta:0.4
Angle:22.848042871616336
releaseX:-361
releaseY:531
tapTime:3000
score:85700
}
