{
Theta:0.42
Angle:24.04566188587172
releaseX:-349
releaseY:564
tapTime:1300
Theta:0.41
Angle:23.494481580192165
releaseX:-351
releaseY:559
tapTime:1300
Theta:0.41
Angle:23.494481580192165
releaseX:-351
releaseY:559
tapTime:1300
score:32330
}
