{
Theta:0.343
Angle:19.63514471307945
releaseX:-389
releaseY:540
tapTime:1292
Theta:0.343
Angle:19.63514471307945
releaseX:-388
releaseY:539
tapTime:1307
score:37060
}
