{
Theta:1.2
Angle:68.74949449286676
releaseX:-29
releaseY:875
tapTime:2500
Theta:0.4
Angle:22.848042871616336
releaseX:-353
releaseY:560
tapTime:3000
Theta:0.55
Angle:31.52330095781826
releaseX:-313
releaseY:638
tapTime:1700
Theta:0.55
Angle:31.52330095781826
releaseX:-313
releaseY:638
tapTime:2000
score:43190
}
