{
Theta:0.6100000000000001
Angle:34.91784561174329
releaseX:-296
releaseY:660
tapTime:1584
score:58730
}
