{
Theta:1.1
Angle:63.05634786080769
releaseX:-99
releaseY:875
tapTime:3500
Theta:1.2
Angle:68.73975941870795
releaseX:-44
releaseY:900
tapTime:3000
Theta:1.2
Angle:68.73975941870795
releaseX:-44
releaseY:900
tapTime:3000
score:50200
}
