{
Theta:0.6
Angle:34.33243856484711
releaseX:-259
releaseY:539
tapTime:1000
Theta:0.61
Angle:34.9638049450057
releaseX:-239
releaseY:534
tapTime:3000
Theta:0.6
Angle:34.33243856484711
releaseX:-259
releaseY:539
tapTime:1900
score:55680
}
