{
Theta:0.2
Angle:11.450609306941137
releaseX:-391
releaseY:391
tapTime:3000
Theta:0.28
Angle:15.97352342910661
releaseX:-381
releaseY:434
tapTime:1000
Theta:0.4
Angle:22.942987651706233
releaseX:-358
releaseY:498
tapTime:1000
Theta:0.35
Angle:20.05304335565947
releaseX:-369
releaseY:472
tapTime:3000
score:40510
}
