{
Theta:0.55
Angle:31.48848855377421
releaseX:-317
releaseY:545
tapTime:3000
Theta:1.4
Angle:80.20785375708252
releaseX:92
releaseY:823
tapTime:3000
Theta:1.35
Angle:77.28466301110524
releaseX:62
releaseY:817
tapTime:3000
score:48300
}
