{
Theta:1.3
Angle:74.38060786128922
releaseX:93
releaseY:868
tapTime:3000
Theta:1.3
Angle:74.38060786128922
releaseX:93
releaseY:868
tapTime:3000
Theta:1.3
Angle:74.38060786128922
releaseX:93
releaseY:868
tapTime:3000
score:104160
}
