{
Theta:0.0
Angle:-0.0
releaseX:-453
releaseY:265
tapTime:3000
Theta:0.45
Angle:25.763763846970978
releaseX:-389
releaseY:543
tapTime:1000
Theta:0.2
Angle:11.450449125501988
releaseX:-440
releaseY:392
tapTime:500
Theta:0.9
Angle:51.606160959531934
releaseX:-210
releaseY:766
tapTime:3000
score:46910
}
