{
Theta:0.9
Angle:51.57738543027214
releaseX:-213
releaseY:734
tapTime:3000
Theta:0.6
Angle:34.32172263967037
releaseX:-352
releaseY:585
tapTime:3000
Theta:0.5
Angle:28.677771406042226
releaseX:-387
releaseY:528
tapTime:500
score:45390
}
