{
Theta:0.75
Angle:42.9712974430467
releaseX:-206
releaseY:679
tapTime:2000
Theta:0.5
Angle:28.636863249125234
releaseX:-282
releaseY:574
tapTime:1000
score:62920
}
