{
Theta:0.3
Angle:17.177509844321722
releaseX:-421
releaseY:515
tapTime:1000
Theta:0.4
Angle:22.88298136105381
releaseX:-400
releaseY:573
tapTime:1000
Theta:0.5
Angle:28.632592981699077
releaseX:-373
releaseY:629
tapTime:1000
score:53730
}
