{
Theta:0.6
Angle:34.38553127036035
releaseX:-198
releaseY:472
tapTime:1700
Theta:0.6
Angle:34.38553127036035
releaseX:-198
releaseY:472
tapTime:2550
Theta:0.6
Angle:34.38553127036035
releaseX:-198
releaseY:472
tapTime:2200
Theta:0.6
Angle:34.38553127036035
releaseX:-198
releaseY:472
tapTime:2200
score:40300
}
