{
Theta:0.15
Angle:8.535831997724571
releaseX:-384
releaseY:364
tapTime:2000
Theta:0.6
Angle:34.371452006313746
releaseX:-293
releaseY:597
tapTime:2500
Theta:0.6
Angle:34.371452006313746
releaseX:-293
releaseY:597
tapTime:2500
score:46230
}
