{
Theta:0.4
Angle:22.886122825808584
releaseX:-314
releaseY:543
tapTime:5000
Theta:0.4
Angle:22.886122825808584
releaseX:-314
releaseY:543
tapTime:5000
Theta:1.2
Angle:68.72145780518817
releaseX:-18
releaseY:830
tapTime:3000
score:66050
}
