{
Theta:0.62
Angle:35.48826359162296
releaseX:-268
releaseY:605
tapTime:0
Theta:0.62
Angle:35.52486281130839
releaseX:-252
releaseY:593
tapTime:0
score:83330
}
