{
Theta:0.25
Angle:14.27720560598983
releaseX:-347
releaseY:451
tapTime:600
Theta:0.38
Angle:21.71938265690467
releaseX:-326
releaseY:515
tapTime:1500
score:62100
}
