{
Theta:0.45
Angle:25.769327624338718
releaseX:-347
releaseY:585
tapTime:800
Theta:0.5
Angle:28.689422928421354
releaseX:-333
releaseY:611
tapTime:1900
score:50960
}
