{
Theta:0.38
Angle:21.70636017156544
releaseX:-358
releaseY:543
tapTime:1159
Theta:0.2
Angle:11.450609306941137
releaseX:-386
releaseY:447
tapTime:876
Theta:0.43
Angle:24.596426926592628
releaseX:-347
releaseY:569
tapTime:1427
score:24840
}
