{
Theta:0.5
Angle:28.62680886783653
releaseX:-329
releaseY:604
tapTime:1000
Theta:0.5
Angle:28.62680886783653
releaseX:-329
releaseY:604
tapTime:1500
score:38140
}
