{
Theta:0.21
Angle:11.949757221493853
releaseX:-382
releaseY:455
tapTime:973
Theta:0.43
Angle:24.574878927323095
releaseX:-342
releaseY:576
tapTime:1141
Theta:0.51
Angle:29.217784802405095
releaseX:-321
releaseY:618
tapTime:1814
score:24690
}
