{
Theta:0.40
Angle:23.510401201401
releaseX:-346
releaseY:566
tapTime:0
Theta:0.59
Angle:33.168961832349716
releaseX:-300
releaseY:652
tapTime:0
score:36000
}
