[
{
Theta:0.42000000000000004
Angle:24.04566188587172
releaseX:-341
releaseY:564
tapTime:1395
Theta:0.42000000000000004
Angle:24.04566188587172
releaseX:-341
releaseY:564
tapTime:1105
score:36140
}
{
Theta:0.44000000000000006
Angle:25.190216396508585
releaseX:-336
releaseY:574
tapTime:1556
score:45660
}
{
Theta:0.4600000000000001
Angle:26.335869281323887
releaseX:-331
releaseY:584
tapTime:1442
score:45880
}
