[
{
Theta:0.361
Angle:20.688226907648417
releaseX:-424
releaseY:561
tapTime:1211
score:33180
}
{
Theta:1.27
Angle:72.80145877993414
releaseX:-2
releaseY:958
tapTime:2706
score:29860
}
{
Theta:1.29
Angle:73.89955761374284
releaseX:10
releaseY:962
tapTime:2638
score:30030
}
