{
Theta:0.4
Angle:22.866380594186083
releaseX:-406
releaseY:591
tapTime:500
Theta:0.45
Angle:25.735282234174758
releaseX:-392
releaseY:622
tapTime:3000
score:39300
}
