{
Theta:1.0
Angle:57.34919770340444
releaseX:-81
releaseY:723
tapTime:0
Theta:1.0
Angle:57.34919770340444
releaseX:-81
releaseY:724
tapTime:0
Theta:1.1
Angle:63.01597435665929
releaseX:-80
releaseY:746
tapTime:0
Theta:1.0
Angle:57.34919770340444
releaseX:-123
releaseY:723
tapTime:0
score:89290
}
