{
Theta:0.51
Angle:29.171369125337097
releaseX:-352
releaseY:609
tapTime:1958
Theta:0.44
Angle:25.240529264786794
releaseX:-371
releaseY:571
tapTime:2431
Theta:0.35
Angle:20.014717983251415
releaseX:-393
releaseY:519
tapTime:2072
score:60690
}
