{
Theta:0.61
Angle:34.9210766910739
releaseX:-260
releaseY:595
tapTime:3000
Theta:0.6
Angle:34.38034472384487
releaseX:-263
releaseY:591
tapTime:1900
Theta:0.6
Angle:34.38034472384487
releaseX:-263
releaseY:591
tapTime:1400
score:30030
}
