{
Theta:0.6
Angle:34.32636654330218
releaseX:-311
releaseY:672
tapTime:1000
Theta:1.2
Angle:68.7841262524513
releaseX:-33
releaseY:893
tapTime:3000
Theta:1.2
Angle:68.7841262524513
releaseX:-33
releaseY:893
tapTime:3000
Theta:1.2
Angle:68.7841262524513
releaseX:-33
releaseY:893
tapTime:3000
score:59860
}
