{
Theta:0.64
Angle:36.65241988605195
releaseX:-280
releaseY:681
tapTime:2331
Theta:0.29
Angle:16.557071375636653
releaseX:-370
releaseY:500
tapTime:1193
Theta:0.69
Angle:39.53978740785165
releaseX:-262
releaseY:704
tapTime:2662
Theta:0.44
Angle:25.237973186203885
releaseX:-339
releaseY:582
tapTime:1485
score:95800
}
