{
Theta:0.0
Angle:-0.0
releaseX:-337
releaseY:250
tapTime:0
Theta:0.75
Angle:42.9712974430467
releaseX:-197
releaseY:604
tapTime:0
Theta:0.3
Angle:17.143306709798708
releaseX:-313
releaseY:403
tapTime:2200
score:50950
}
