{
Theta:0.65
Angle:37.2123788874558
releaseX:-282
releaseY:643
tapTime:3000
Theta:0.6
Angle:34.371452006313746
releaseX:-291
releaseY:616
tapTime:1900
Theta:1.3
Angle:74.42745640318974
releaseX:18
releaseY:848
tapTime:3000
score:56280
}
