{
Theta:0.55
Angle:31.48848855377421
releaseX:-317
releaseY:545
tapTime:0
Theta:1.4
Angle:80.20785375708252
releaseX:92
releaseY:823
tapTime:0
Theta:1.34
Angle:76.7048085560686
releaseX:56
releaseY:816
tapTime:0
score:50510
}
