{
Theta:0.45
Angle:25.780226574086104
releaseX:-276
releaseY:514
tapTime:1300
Theta:0.7
Angle:40.10562480122489
releaseX:-209
releaseY:616
tapTime:2000
Theta:0.45
Angle:25.780226574086104
releaseX:-276
releaseY:514
tapTime:2700
score:31540
}
