{
Theta:0.9
Angle:51.57738543027214
releaseX:-213
releaseY:734
tapTime:0
Theta:0.48
Angle:27.50733101059499
releaseX:-394
releaseY:516
tapTime:0
score:55900
}
